,Request Id,request_model_execution_time_normalized,cdf
0,0,0.007192183564999581,1.0
